1            2 
1            3 
1            4 
1            5 
1            6 
1            7 
1            8 
1            9 
2            1 0 
2            2 1 
2            3 2 
2            4 3 
2            5 4 
2            6 5 
2            7 6 
2            8 7 
2            9 8 
3            1 0 9 
4            2 1 1 0 
4            3 2 2 1 
4            4 3 3 2 
4            5 4 4 3 
4            6 5 5 4 
4            7 6 6 5 
4            8 7 7 6 
4            9 8 8 7 
5            1 0 9 9 8 
7            2 1 1 0 1 0 9 
8            3 2 2 1 2 1 1 0 
8            4 3 3 2 3 2 2 1 
8            5 4 4 3 4 3 3 2 
8            6 5 5 4 5 4 4 3 
8            7 6 6 5 6 5 5 4 
8            8 7 7 6 7 6 6 5 
8            9 8 8 7 8 7 7 6 
9            1 0 9 9 8 9 8 8 7 
12            2 1 1 0 1 0 9 1 0 9 9 8 
15            3 2 2 1 2 1 1 0 2 1 1 0 1 0 9 
16            4 3 3 2 3 2 2 1 3 2 2 1 2 1 1 0 
16            5 4 4 3 4 3 3 2 4 3 3 2 3 2 2 1 
16            6 5 5 4 5 4 4 3 5 4 4 3 4 3 3 2 
16            7 6 6 5 6 5 5 4 6 5 5 4 5 4 4 3 
16            8 7 7 6 7 6 6 5 7 6 6 5 6 5 5 4 
16            9 8 8 7 8 7 7 6 8 7 7 6 7 6 6 5 
17            1 0 9 9 8 9 8 8 7 9 8 8 7 8 7 7 6 
21            2 1 1 0 1 0 9 1 0 9 9 8 1 0 9 9 8 9 8 8 7 
27            3 2 2 1 2 1 1 0 2 1 1 0 1 0 9 2 1 1 0 1 0 9 1 0 9 9 8 
31            4 3 3 2 3 2 2 1 3 2 2 1 2 1 1 0 3 2 2 1 2 1 1 0 2 1 1 0 1 0 9 
32            5 4 4 3 4 3 3 2 4 3 3 2 3 2 2 1 4 3 3 2 3 2 2 1 3 2 2 1 2 1 1 0 
32            6 5 5 4 5 4 4 3 5 4 4 3 4 3 3 2 5 4 4 3 4 3 3 2 4 3 3 2 3 2 2 1 
32            7 6 6 5 6 5 5 4 6 5 5 4 5 4 4 3 6 5 5 4 5 4 4 3 5 4 4 3 4 3 3 2 
32            8 7 7 6 7 6 6 5 7 6 6 5 6 5 5 4 7 6 6 5 6 5 5 4 6 5 5 4 5 4 4 3 
32            9 8 8 7 8 7 7 6 8 7 7 6 7 6 6 5 8 7 7 6 7 6 6 5 7 6 6 5 6 5 5 4 
33            1 0 9 9 8 9 8 8 7 9 8 8 7 8 7 7 6 9 8 8 7 8 7 7 6 8 7 7 6 7 6 6 5 
38            2 1 1 0 1 0 9 1 0 9 9 8 1 0 9 9 8 9 8 8 7 1 0 9 9 8 9 8 8 7 9 8 8 7 8 7 7 6 
48            3 2 2 1 2 1 1 0 2 1 1 0 1 0 9 2 1 1 0 1 0 9 1 0 9 9 8 2 1 1 0 1 0 9 1 0 9 9 8 1 0 9 9 8 9 8 8 7 
58            4 3 3 2 3 2 2 1 3 2 2 1 2 1 1 0 3 2 2 1 2 1 1 0 2 1 1 0 1 0 9 3 2 2 1 2 1 1 0 2 1 1 0 1 0 9 2 1 1 0 1 0 9 1 0 9 9 8 
63            5 4 4 3 4 3 3 2 4 3 3 2 3 2 2 1 4 3 3 2 3 2 2 1 3 2 2 1 2 1 1 0 4 3 3 2 3 2 2 1 3 2 2 1 2 1 1 0 3 2 2 1 2 1 1 0 2 1 1 0 1 0 9 
64            6 5 5 4 5 4 4 3 5 4 4 3 4 3 3 2 5 4 4 3 4 3 3 2 4 3 3 2 3 2 2 1 5 4 4 3 4 3 3 2 4 3 3 2 3 2 2 1 4 3 3 2 3 2 2 1 3 2 2 1 2 1 1 0 
64            7 6 6 5 6 5 5 4 6 5 5 4 5 4 4 3 6 5 5 4 5 4 4 3 5 4 4 3 4 3 3 2 6 5 5 4 5 4 4 3 5 4 4 3 4 3 3 2 5 4 4 3 4 3 3 2 4 3 3 2 3 2 2 1 
64            8 7 7 6 7 6 6 5 7 6 6 5 6 5 5 4 7 6 6 5 6 5 5 4 6 5 5 4 5 4 4 3 7 6 6 5 6 5 5 4 6 5 5 4 5 4 4 3 6 5 5 4 5 4 4 3 5 4 4 3 4 3 3 2 
64            9 8 8 7 8 7 7 6 8 7 7 6 7 6 6 5 8 7 7 6 7 6 6 5 7 6 6 5 6 5 5 4 8 7 7 6 7 6 6 5 7 6 6 5 6 5 5 4 7 6 6 5 6 5 5 4 6 5 5 4 5 4 4 3 
65            1 0 9 9 8 9 8 8 7 9 8 8 7 8 7 7 6 9 8 8 7 8 7 7 6 8 7 7 6 7 6 6 5 9 8 8 7 8 7 7 6 8 7 7 6 7 6 6 5 8 7 7 6 7 6 6 5 7 6 6 5 6 5 5 4 
71            2 1 1 0 1 0 9 1 0 9 9 8 1 0 9 9 8 9 8 8 7 1 0 9 9 8 9 8 8 7 9 8 8 7 8 7 7 6 1 0 9 9 8 9 8 8 7 9 8 8 7 8 7 7 6 9 8 8 7 8 7 7 6 8 7 7 6 7 6 6 5 
86            3 2 2 1 2 1 1 0 2 1 1 0 1 0 9 2 1 1 0 1 0 9 1 0 9 9 8 2 1 1 0 1 0 9 1 0 9 9 8 1 0 9 9 8 9 8 8 7 2 1 1 0 1 0 9 1 0 9 9 8 1 0 9 9 8 9 8 8 7 1 0 9 9 8 9 8 8 7 9 8 8 7 8 7 7 6 
106            4 3 3 2 3 2 2 1 3 2 2 1 2 1 1 0 3 2 2 1 2 1 1 0 2 1 1 0 1 0 9 3 2 2 1 2 1 1 0 2 1 1 0 1 0 9 2 1 1 0 1 0 9 1 0 9 9 8 3 2 2 1 2 1 1 0 2 1 1 0 1 0 9 2 1 1 0 1 0 9 1 0 9 9 8 2 1 1 0 1 0 9 1 0 9 9 8 1 0 9 9 8 9 8 8 7 
121            5 4 4 3 4 3 3 2 4 3 3 2 3 2 2 1 4 3 3 2 3 2 2 1 3 2 2 1 2 1 1 0 4 3 3 2 3 2 2 1 3 2 2 1 2 1 1 0 3 2 2 1 2 1 1 0 2 1 1 0 1 0 9 4 3 3 2 3 2 2 1 3 2 2 1 2 1 1 0 3 2 2 1 2 1 1 0 2 1 1 0 1 0 9 3 2 2 1 2 1 1 0 2 1 1 0 1 0 9 2 1 1 0 1 0 9 1 0 9 9 8 
127            6 5 5 4 5 4 4 3 5 4 4 3 4 3 3 2 5 4 4 3 4 3 3 2 4 3 3 2 3 2 2 1 5 4 4 3 4 3 3 2 4 3 3 2 3 2 2 1 4 3 3 2 3 2 2 1 3 2 2 1 2 1 1 0 5 4 4 3 4 3 3 2 4 3 3 2 3 2 2 1 4 3 3 2 3 2 2 1 3 2 2 1 2 1 1 0 4 3 3 2 3 2 2 1 3 2 2 1 2 1 1 0 3 2 2 1 2 1 1 0 2 1 1 0 1 0 9 
128            7 6 6 5 6 5 5 4 6 5 5 4 5 4 4 3 6 5 5 4 5 4 4 3 5 4 4 3 4 3 3 2 6 5 5 4 5 4 4 3 5 4 4 3 4 3 3 2 5 4 4 3 4 3 3 2 4 3 3 2 3 2 2 1 6 5 5 4 5 4 4 3 5 4 4 3 4 3 3 2 5 4 4 3 4 3 3 2 4 3 3 2 3 2 2 1 5 4 4 3 4 3 3 2 4 3 3 2 3 2 2 1 4 3 3 2 3 2 2 1 3 2 2 1 2 1 1 0 
128            8 7 7 6 7 6 6 5 7 6 6 5 6 5 5 4 7 6 6 5 6 5 5 4 6 5 5 4 5 4 4 3 7 6 6 5 6 5 5 4 6 5 5 4 5 4 4 3 6 5 5 4 5 4 4 3 5 4 4 3 4 3 3 2 7 6 6 5 6 5 5 4 6 5 5 4 5 4 4 3 6 5 5 4 5 4 4 3 5 4 4 3 4 3 3 2 6 5 5 4 5 4 4 3 5 4 4 3 4 3 3 2 5 4 4 3 4 3 3 2 4 3 3 2 3 2 2 1 
128            9 8 8 7 8 7 7 6 8 7 7 6 7 6 6 5 8 7 7 6 7 6 6 5 7 6 6 5 6 5 5 4 8 7 7 6 7 6 6 5 7 6 6 5 6 5 5 4 7 6 6 5 6 5 5 4 6 5 5 4 5 4 4 3 8 7 7 6 7 6 6 5 7 6 6 5 6 5 5 4 7 6 6 5 6 5 5 4 6 5 5 4 5 4 4 3 7 6 6 5 6 5 5 4 6 5 5 4 5 4 4 3 6 5 5 4 5 4 4 3 5 4 4 3 4 3 3 2 
129            1 0 9 9 8 9 8 8 7 9 8 8 7 8 7 7 6 9 8 8 7 8 7 7 6 8 7 7 6 7 6 6 5 9 8 8 7 8 7 7 6 8 7 7 6 7 6 6 5 8 7 7 6 7 6 6 5 7 6 6 5 6 5 5 4 9 8 8 7 8 7 7 6 8 7 7 6 7 6 6 5 8 7 7 6 7 6 6 5 7 6 6 5 6 5 5 4 8 7 7 6 7 6 6 5 7 6 6 5 6 5 5 4 7 6 6 5 6 5 5 4 6 5 5 4 5 4 4 3 
136            2 1 1 0 1 0 9 1 0 9 9 8 1 0 9 9 8 9 8 8 7 1 0 9 9 8 9 8 8 7 9 8 8 7 8 7 7 6 1 0 9 9 8 9 8 8 7 9 8 8 7 8 7 7 6 9 8 8 7 8 7 7 6 8 7 7 6 7 6 6 5 1 0 9 9 8 9 8 8 7 9 8 8 7 8 7 7 6 9 8 8 7 8 7 7 6 8 7 7 6 7 6 6 5 9 8 8 7 8 7 7 6 8 7 7 6 7 6 6 5 8 7 7 6 7 6 6 5 7 6 6 5 6 5 5 4 
157            3 2 2 1 2 1 1 0 2 1 1 0 1 0 9 2 1 1 0 1 0 9 1 0 9 9 8 2 1 1 0 1 0 9 1 0 9 9 8 1 0 9 9 8 9 8 8 7 2 1 1 0 1 0 9 1 0 9 9 8 1 0 9 9 8 9 8 8 7 1 0 9 9 8 9 8 8 7 9 8 8 7 8 7 7 6 2 1 1 0 1 0 9 1 0 9 9 8 1 0 9 9 8 9 8 8 7 1 0 9 9 8 9 8 8 7 9 8 8 7 8 7 7 6 1 0 9 9 8 9 8 8 7 9 8 8 7 8 7 7 6 9 8 8 7 8 7 7 6 8 7 7 6 7 6 6 5 
192            4 3 3 2 3 2 2 1 3 2 2 1 2 1 1 0 3 2 2 1 2 1 1 0 2 1 1 0 1 0 9 3 2 2 1 2 1 1 0 2 1 1 0 1 0 9 2 1 1 0 1 0 9 1 0 9 9 8 3 2 2 1 2 1 1 0 2 1 1 0 1 0 9 2 1 1 0 1 0 9 1 0 9 9 8 2 1 1 0 1 0 9 1 0 9 9 8 1 0 9 9 8 9 8 8 7 3 2 2 1 2 1 1 0 2 1 1 0 1 0 9 2 1 1 0 1 0 9 1 0 9 9 8 2 1 1 0 1 0 9 1 0 9 9 8 1 0 9 9 8 9 8 8 7 2 1 1 0 1 0 9 1 0 9 9 8 1 0 9 9 8 9 8 8 7 1 0 9 9 8 9 8 8 7 9 8 8 7 8 7 7 6 
227            5 4 4 3 4 3 3 2 4 3 3 2 3 2 2 1 4 3 3 2 3 2 2 1 3 2 2 1 2 1 1 0 4 3 3 2 3 2 2 1 3 2 2 1 2 1 1 0 3 2 2 1 2 1 1 0 2 1 1 0 1 0 9 4 3 3 2 3 2 2 1 3 2 2 1 2 1 1 0 3 2 2 1 2 1 1 0 2 1 1 0 1 0 9 3 2 2 1 2 1 1 0 2 1 1 0 1 0 9 2 1 1 0 1 0 9 1 0 9 9 8 4 3 3 2 3 2 2 1 3 2 2 1 2 1 1 0 3 2 2 1 2 1 1 0 2 1 1 0 1 0 9 3 2 2 1 2 1 1 0 2 1 1 0 1 0 9 2 1 1 0 1 0 9 1 0 9 9 8 3 2 2 1 2 1 1 0 2 1 1 0 1 0 9 2 1 1 0 1 0 9 1 0 9 9 8 2 1 1 0 1 0 9 1 0 9 9 8 1 0 9 9 8 9 8 8 7 
248            6 5 5 4 5 4 4 3 5 4 4 3 4 3 3 2 5 4 4 3 4 3 3 2 4 3 3 2 3 2 2 1 5 4 4 3 4 3 3 2 4 3 3 2 3 2 2 1 4 3 3 2 3 2 2 1 3 2 2 1 2 1 1 0 5 4 4 3 4 3 3 2 4 3 3 2 3 2 2 1 4 3 3 2 3 2 2 1 3 2 2 1 2 1 1 0 4 3 3 2 3 2 2 1 3 2 2 1 2 1 1 0 3 2 2 1 2 1 1 0 2 1 1 0 1 0 9 5 4 4 3 4 3 3 2 4 3 3 2 3 2 2 1 4 3 3 2 3 2 2 1 3 2 2 1 2 1 1 0 4 3 3 2 3 2 2 1 3 2 2 1 2 1 1 0 3 2 2 1 2 1 1 0 2 1 1 0 1 0 9 4 3 3 2 3 2 2 1 3 2 2 1 2 1 1 0 3 2 2 1 2 1 1 0 2 1 1 0 1 0 9 3 2 2 1 2 1 1 0 2 1 1 0 1 0 9 2 1 1 0 1 0 9 1 0 9 9 8 
255            7 6 6 5 6 5 5 4 6 5 5 4 5 4 4 3 6 5 5 4 5 4 4 3 5 4 4 3 4 3 3 2 6 5 5 4 5 4 4 3 5 4 4 3 4 3 3 2 5 4 4 3 4 3 3 2 4 3 3 2 3 2 2 1 6 5 5 4 5 4 4 3 5 4 4 3 4 3 3 2 5 4 4 3 4 3 3 2 4 3 3 2 3 2 2 1 5 4 4 3 4 3 3 2 4 3 3 2 3 2 2 1 4 3 3 2 3 2 2 1 3 2 2 1 2 1 1 0 6 5 5 4 5 4 4 3 5 4 4 3 4 3 3 2 5 4 4 3 4 3 3 2 4 3 3 2 3 2 2 1 5 4 4 3 4 3 3 2 4 3 3 2 3 2 2 1 4 3 3 2 3 2 2 1 3 2 2 1 2 1 1 0 5 4 4 3 4 3 3 2 4 3 3 2 3 2 2 1 4 3 3 2 3 2 2 1 3 2 2 1 2 1 1 0 4 3 3 2 3 2 2 1 3 2 2 1 2 1 1 0 3 2 2 1 2 1 1 0 2 1 1 0 1 0 9 
256            8 7 7 6 7 6 6 5 7 6 6 5 6 5 5 4 7 6 6 5 6 5 5 4 6 5 5 4 5 4 4 3 7 6 6 5 6 5 5 4 6 5 5 4 5 4 4 3 6 5 5 4 5 4 4 3 5 4 4 3 4 3 3 2 7 6 6 5 6 5 5 4 6 5 5 4 5 4 4 3 6 5 5 4 5 4 4 3 5 4 4 3 4 3 3 2 6 5 5 4 5 4 4 3 5 4 4 3 4 3 3 2 5 4 4 3 4 3 3 2 4 3 3 2 3 2 2 1 7 6 6 5 6 5 5 4 6 5 5 4 5 4 4 3 6 5 5 4 5 4 4 3 5 4 4 3 4 3 3 2 6 5 5 4 5 4 4 3 5 4 4 3 4 3 3 2 5 4 4 3 4 3 3 2 4 3 3 2 3 2 2 1 6 5 5 4 5 4 4 3 5 4 4 3 4 3 3 2 5 4 4 3 4 3 3 2 4 3 3 2 3 2 2 1 5 4 4 3 4 3 3 2 4 3 3 2 3 2 2 1 4 3 3 2 3 2 2 1 3 2 2 1 2 1 1 0 
256            9 8 8 7 8 7 7 6 8 7 7 6 7 6 6 5 8 7 7 6 7 6 6 5 7 6 6 5 6 5 5 4 8 7 7 6 7 6 6 5 7 6 6 5 6 5 5 4 7 6 6 5 6 5 5 4 6 5 5 4 5 4 4 3 8 7 7 6 7 6 6 5 7 6 6 5 6 5 5 4 7 6 6 5 6 5 5 4 6 5 5 4 5 4 4 3 7 6 6 5 6 5 5 4 6 5 5 4 5 4 4 3 6 5 5 4 5 4 4 3 5 4 4 3 4 3 3 2 8 7 7 6 7 6 6 5 7 6 6 5 6 5 5 4 7 6 6 5 6 5 5 4 6 5 5 4 5 4 4 3 7 6 6 5 6 5 5 4 6 5 5 4 5 4 4 3 6 5 5 4 5 4 4 3 5 4 4 3 4 3 3 2 7 6 6 5 6 5 5 4 6 5 5 4 5 4 4 3 6 5 5 4 5 4 4 3 5 4 4 3 4 3 3 2 6 5 5 4 5 4 4 3 5 4 4 3 4 3 3 2 5 4 4 3 4 3 3 2 4 3 3 2 3 2 2 1 
257            1 0 9 9 8 9 8 8 7 9 8 8 7 8 7 7 6 9 8 8 7 8 7 7 6 8 7 7 6 7 6 6 5 9 8 8 7 8 7 7 6 8 7 7 6 7 6 6 5 8 7 7 6 7 6 6 5 7 6 6 5 6 5 5 4 9 8 8 7 8 7 7 6 8 7 7 6 7 6 6 5 8 7 7 6 7 6 6 5 7 6 6 5 6 5 5 4 8 7 7 6 7 6 6 5 7 6 6 5 6 5 5 4 7 6 6 5 6 5 5 4 6 5 5 4 5 4 4 3 9 8 8 7 8 7 7 6 8 7 7 6 7 6 6 5 8 7 7 6 7 6 6 5 7 6 6 5 6 5 5 4 8 7 7 6 7 6 6 5 7 6 6 5 6 5 5 4 7 6 6 5 6 5 5 4 6 5 5 4 5 4 4 3 8 7 7 6 7 6 6 5 7 6 6 5 6 5 5 4 7 6 6 5 6 5 5 4 6 5 5 4 5 4 4 3 7 6 6 5 6 5 5 4 6 5 5 4 5 4 4 3 6 5 5 4 5 4 4 3 5 4 4 3 4 3 3 2 
265            2 1 1 0 1 0 9 1 0 9 9 8 1 0 9 9 8 9 8 8 7 1 0 9 9 8 9 8 8 7 9 8 8 7 8 7 7 6 1 0 9 9 8 9 8 8 7 9 8 8 7 8 7 7 6 9 8 8 7 8 7 7 6 8 7 7 6 7 6 6 5 1 0 9 9 8 9 8 8 7 9 8 8 7 8 7 7 6 9 8 8 7 8 7 7 6 8 7 7 6 7 6 6 5 9 8 8 7 8 7 7 6 8 7 7 6 7 6 6 5 8 7 7 6 7 6 6 5 7 6 6 5 6 5 5 4 1 0 9 9 8 9 8 8 7 9 8 8 7 8 7 7 6 9 8 8 7 8 7 7 6 8 7 7 6 7 6 6 5 9 8 8 7 8 7 7 6 8 7 7 6 7 6 6 5 8 7 7 6 7 6 6 5 7 6 6 5 6 5 5 4 9 8 8 7 8 7 7 6 8 7 7 6 7 6 6 5 8 7 7 6 7 6 6 5 7 6 6 5 6 5 5 4 8 7 7 6 7 6 6 5 7 6 6 5 6 5 5 4 7 6 6 5 6 5 5 4 6 5 5 4 5 4 4 3 
293            3 2 2 1 2 1 1 0 2 1 1 0 1 0 9 2 1 1 0 1 0 9 1 0 9 9 8 2 1 1 0 1 0 9 1 0 9 9 8 1 0 9 9 8 9 8 8 7 2 1 1 0 1 0 9 1 0 9 9 8 1 0 9 9 8 9 8 8 7 1 0 9 9 8 9 8 8 7 9 8 8 7 8 7 7 6 2 1 1 0 1 0 9 1 0 9 9 8 1 0 9 9 8 9 8 8 7 1 0 9 9 8 9 8 8 7 9 8 8 7 8 7 7 6 1 0 9 9 8 9 8 8 7 9 8 8 7 8 7 7 6 9 8 8 7 8 7 7 6 8 7 7 6 7 6 6 5 2 1 1 0 1 0 9 1 0 9 9 8 1 0 9 9 8 9 8 8 7 1 0 9 9 8 9 8 8 7 9 8 8 7 8 7 7 6 1 0 9 9 8 9 8 8 7 9 8 8 7 8 7 7 6 9 8 8 7 8 7 7 6 8 7 7 6 7 6 6 5 1 0 9 9 8 9 8 8 7 9 8 8 7 8 7 7 6 9 8 8 7 8 7 7 6 8 7 7 6 7 6 6 5 9 8 8 7 8 7 7 6 8 7 7 6 7 6 6 5 8 7 7 6 7 6 6 5 7 6 6 5 6 5 5 4 
349            4 3 3 2 3 2 2 1 3 2 2 1 2 1 1 0 3 2 2 1 2 1 1 0 2 1 1 0 1 0 9 3 2 2 1 2 1 1 0 2 1 1 0 1 0 9 2 1 1 0 1 0 9 1 0 9 9 8 3 2 2 1 2 1 1 0 2 1 1 0 1 0 9 2 1 1 0 1 0 9 1 0 9 9 8 2 1 1 0 1 0 9 1 0 9 9 8 1 0 9 9 8 9 8 8 7 3 2 2 1 2 1 1 0 2 1 1 0 1 0 9 2 1 1 0 1 0 9 1 0 9 9 8 2 1 1 0 1 0 9 1 0 9 9 8 1 0 9 9 8 9 8 8 7 2 1 1 0 1 0 9 1 0 9 9 8 1 0 9 9 8 9 8 8 7 1 0 9 9 8 9 8 8 7 9 8 8 7 8 7 7 6 3 2 2 1 2 1 1 0 2 1 1 0 1 0 9 2 1 1 0 1 0 9 1 0 9 9 8 2 1 1 0 1 0 9 1 0 9 9 8 1 0 9 9 8 9 8 8 7 2 1 1 0 1 0 9 1 0 9 9 8 1 0 9 9 8 9 8 8 7 1 0 9 9 8 9 8 8 7 9 8 8 7 8 7 7 6 2 1 1 0 1 0 9 1 0 9 9 8 1 0 9 9 8 9 8 8 7 1 0 9 9 8 9 8 8 7 9 8 8 7 8 7 7 6 1 0 9 9 8 9 8 8 7 9 8 8 7 8 7 7 6 9 8 8 7 8 7 7 6 8 7 7 6 7 6 6 5 
419            5 4 4 3 4 3 3 2 4 3 3 2 3 2 2 1 4 3 3 2 3 2 2 1 3 2 2 1 2 1 1 0 4 3 3 2 3 2 2 1 3 2 2 1 2 1 1 0 3 2 2 1 2 1 1 0 2 1 1 0 1 0 9 4 3 3 2 3 2 2 1 3 2 2 1 2 1 1 0 3 2 2 1 2 1 1 0 2 1 1 0 1 0 9 3 2 2 1 2 1 1 0 2 1 1 0 1 0 9 2 1 1 0 1 0 9 1 0 9 9 8 4 3 3 2 3 2 2 1 3 2 2 1 2 1 1 0 3 2 2 1 2 1 1 0 2 1 1 0 1 0 9 3 2 2 1 2 1 1 0 2 1 1 0 1 0 9 2 1 1 0 1 0 9 1 0 9 9 8 3 2 2 1 2 1 1 0 2 1 1 0 1 0 9 2 1 1 0 1 0 9 1 0 9 9 8 2 1 1 0 1 0 9 1 0 9 9 8 1 0 9 9 8 9 8 8 7 4 3 3 2 3 2 2 1 3 2 2 1 2 1 1 0 3 2 2 1 2 1 1 0 2 1 1 0 1 0 9 3 2 2 1 2 1 1 0 2 1 1 0 1 0 9 2 1 1 0 1 0 9 1 0 9 9 8 3 2 2 1 2 1 1 0 2 1 1 0 1 0 9 2 1 1 0 1 0 9 1 0 9 9 8 2 1 1 0 1 0 9 1 0 9 9 8 1 0 9 9 8 9 8 8 7 3 2 2 1 2 1 1 0 2 1 1 0 1 0 9 2 1 1 0 1 0 9 1 0 9 9 8 2 1 1 0 1 0 9 1 0 9 9 8 1 0 9 9 8 9 8 8 7 2 1 1 0 1 0 9 1 0 9 9 8 1 0 9 9 8 9 8 8 7 1 0 9 9 8 9 8 8 7 9 8 8 7 8 7 7 6 
475            6 5 5 4 5 4 4 3 5 4 4 3 4 3 3 2 5 4 4 3 4 3 3 2 4 3 3 2 3 2 2 1 5 4 4 3 4 3 3 2 4 3 3 2 3 2 2 1 4 3 3 2 3 2 2 1 3 2 2 1 2 1 1 0 5 4 4 3 4 3 3 2 4 3 3 2 3 2 2 1 4 3 3 2 3 2 2 1 3 2 2 1 2 1 1 0 4 3 3 2 3 2 2 1 3 2 2 1 2 1 1 0 3 2 2 1 2 1 1 0 2 1 1 0 1 0 9 5 4 4 3 4 3 3 2 4 3 3 2 3 2 2 1 4 3 3 2 3 2 2 1 3 2 2 1 2 1 1 0 4 3 3 2 3 2 2 1 3 2 2 1 2 1 1 0 3 2 2 1 2 1 1 0 2 1 1 0 1 0 9 4 3 3 2 3 2 2 1 3 2 2 1 2 1 1 0 3 2 2 1 2 1 1 0 2 1 1 0 1 0 9 3 2 2 1 2 1 1 0 2 1 1 0 1 0 9 2 1 1 0 1 0 9 1 0 9 9 8 5 4 4 3 4 3 3 2 4 3 3 2 3 2 2 1 4 3 3 2 3 2 2 1 3 2 2 1 2 1 1 0 4 3 3 2 3 2 2 1 3 2 2 1 2 1 1 0 3 2 2 1 2 1 1 0 2 1 1 0 1 0 9 4 3 3 2 3 2 2 1 3 2 2 1 2 1 1 0 3 2 2 1 2 1 1 0 2 1 1 0 1 0 9 3 2 2 1 2 1 1 0 2 1 1 0 1 0 9 2 1 1 0 1 0 9 1 0 9 9 8 4 3 3 2 3 2 2 1 3 2 2 1 2 1 1 0 3 2 2 1 2 1 1 0 2 1 1 0 1 0 9 3 2 2 1 2 1 1 0 2 1 1 0 1 0 9 2 1 1 0 1 0 9 1 0 9 9 8 3 2 2 1 2 1 1 0 2 1 1 0 1 0 9 2 1 1 0 1 0 9 1 0 9 9 8 2 1 1 0 1 0 9 1 0 9 9 8 1 0 9 9 8 9 8 8 7 
503            7 6 6 5 6 5 5 4 6 5 5 4 5 4 4 3 6 5 5 4 5 4 4 3 5 4 4 3 4 3 3 2 6 5 5 4 5 4 4 3 5 4 4 3 4 3 3 2 5 4 4 3 4 3 3 2 4 3 3 2 3 2 2 1 6 5 5 4 5 4 4 3 5 4 4 3 4 3 3 2 5 4 4 3 4 3 3 2 4 3 3 2 3 2 2 1 5 4 4 3 4 3 3 2 4 3 3 2 3 2 2 1 4 3 3 2 3 2 2 1 3 2 2 1 2 1 1 0 6 5 5 4 5 4 4 3 5 4 4 3 4 3 3 2 5 4 4 3 4 3 3 2 4 3 3 2 3 2 2 1 5 4 4 3 4 3 3 2 4 3 3 2 3 2 2 1 4 3 3 2 3 2 2 1 3 2 2 1 2 1 1 0 5 4 4 3 4 3 3 2 4 3 3 2 3 2 2 1 4 3 3 2 3 2 2 1 3 2 2 1 2 1 1 0 4 3 3 2 3 2 2 1 3 2 2 1 2 1 1 0 3 2 2 1 2 1 1 0 2 1 1 0 1 0 9 6 5 5 4 5 4 4 3 5 4 4 3 4 3 3 2 5 4 4 3 4 3 3 2 4 3 3 2 3 2 2 1 5 4 4 3 4 3 3 2 4 3 3 2 3 2 2 1 4 3 3 2 3 2 2 1 3 2 2 1 2 1 1 0 5 4 4 3 4 3 3 2 4 3 3 2 3 2 2 1 4 3 3 2 3 2 2 1 3 2 2 1 2 1 1 0 4 3 3 2 3 2 2 1 3 2 2 1 2 1 1 0 3 2 2 1 2 1 1 0 2 1 1 0 1 0 9 5 4 4 3 4 3 3 2 4 3 3 2 3 2 2 1 4 3 3 2 3 2 2 1 3 2 2 1 2 1 1 0 4 3 3 2 3 2 2 1 3 2 2 1 2 1 1 0 3 2 2 1 2 1 1 0 2 1 1 0 1 0 9 4 3 3 2 3 2 2 1 3 2 2 1 2 1 1 0 3 2 2 1 2 1 1 0 2 1 1 0 1 0 9 3 2 2 1 2 1 1 0 2 1 1 0 1 0 9 2 1 1 0 1 0 9 1 0 9 9 8 
511            8 7 7 6 7 6 6 5 7 6 6 5 6 5 5 4 7 6 6 5 6 5 5 4 6 5 5 4 5 4 4 3 7 6 6 5 6 5 5 4 6 5 5 4 5 4 4 3 6 5 5 4 5 4 4 3 5 4 4 3 4 3 3 2 7 6 6 5 6 5 5 4 6 5 5 4 5 4 4 3 6 5 5 4 5 4 4 3 5 4 4 3 4 3 3 2 6 5 5 4 5 4 4 3 5 4 4 3 4 3 3 2 5 4 4 3 4 3 3 2 4 3 3 2 3 2 2 1 7 6 6 5 6 5 5 4 6 5 5 4 5 4 4 3 6 5 5 4 5 4 4 3 5 4 4 3 4 3 3 2 6 5 5 4 5 4 4 3 5 4 4 3 4 3 3 2 5 4 4 3 4 3 3 2 4 3 3 2 3 2 2 1 6 5 5 4 5 4 4 3 5 4 4 3 4 3 3 2 5 4 4 3 4 3 3 2 4 3 3 2 3 2 2 1 5 4 4 3 4 3 3 2 4 3 3 2 3 2 2 1 4 3 3 2 3 2 2 1 3 2 2 1 2 1 1 0 7 6 6 5 6 5 5 4 6 5 5 4 5 4 4 3 6 5 5 4 5 4 4 3 5 4 4 3 4 3 3 2 6 5 5 4 5 4 4 3 5 4 4 3 4 3 3 2 5 4 4 3 4 3 3 2 4 3 3 2 3 2 2 1 6 5 5 4 5 4 4 3 5 4 4 3 4 3 3 2 5 4 4 3 4 3 3 2 4 3 3 2 3 2 2 1 5 4 4 3 4 3 3 2 4 3 3 2 3 2 2 1 4 3 3 2 3 2 2 1 3 2 2 1 2 1 1 0 6 5 5 4 5 4 4 3 5 4 4 3 4 3 3 2 5 4 4 3 4 3 3 2 4 3 3 2 3 2 2 1 5 4 4 3 4 3 3 2 4 3 3 2 3 2 2 1 4 3 3 2 3 2 2 1 3 2 2 1 2 1 1 0 5 4 4 3 4 3 3 2 4 3 3 2 3 2 2 1 4 3 3 2 3 2 2 1 3 2 2 1 2 1 1 0 4 3 3 2 3 2 2 1 3 2 2 1 2 1 1 0 3 2 2 1 2 1 1 0 2 1 1 0 1 0 9 
512            9 8 8 7 8 7 7 6 8 7 7 6 7 6 6 5 8 7 7 6 7 6 6 5 7 6 6 5 6 5 5 4 8 7 7 6 7 6 6 5 7 6 6 5 6 5 5 4 7 6 6 5 6 5 5 4 6 5 5 4 5 4 4 3 8 7 7 6 7 6 6 5 7 6 6 5 6 5 5 4 7 6 6 5 6 5 5 4 6 5 5 4 5 4 4 3 7 6 6 5 6 5 5 4 6 5 5 4 5 4 4 3 6 5 5 4 5 4 4 3 5 4 4 3 4 3 3 2 8 7 7 6 7 6 6 5 7 6 6 5 6 5 5 4 7 6 6 5 6 5 5 4 6 5 5 4 5 4 4 3 7 6 6 5 6 5 5 4 6 5 5 4 5 4 4 3 6 5 5 4 5 4 4 3 5 4 4 3 4 3 3 2 7 6 6 5 6 5 5 4 6 5 5 4 5 4 4 3 6 5 5 4 5 4 4 3 5 4 4 3 4 3 3 2 6 5 5 4 5 4 4 3 5 4 4 3 4 3 3 2 5 4 4 3 4 3 3 2 4 3 3 2 3 2 2 1 8 7 7 6 7 6 6 5 7 6 6 5 6 5 5 4 7 6 6 5 6 5 5 4 6 5 5 4 5 4 4 3 7 6 6 5 6 5 5 4 6 5 5 4 5 4 4 3 6 5 5 4 5 4 4 3 5 4 4 3 4 3 3 2 7 6 6 5 6 5 5 4 6 5 5 4 5 4 4 3 6 5 5 4 5 4 4 3 5 4 4 3 4 3 3 2 6 5 5 4 5 4 4 3 5 4 4 3 4 3 3 2 5 4 4 3 4 3 3 2 4 3 3 2 3 2 2 1 7 6 6 5 6 5 5 4 6 5 5 4 5 4 4 3 6 5 5 4 5 4 4 3 5 4 4 3 4 3 3 2 6 5 5 4 5 4 4 3 5 4 4 3 4 3 3 2 5 4 4 3 4 3 3 2 4 3 3 2 3 2 2 1 6 5 5 4 5 4 4 3 5 4 4 3 4 3 3 2 5 4 4 3 4 3 3 2 4 3 3 2 3 2 2 1 5 4 4 3 4 3 3 2 4 3 3 2 3 2 2 1 4 3 3 2 3 2 2 1 3 2 2 1 2 1 1 0 
513            1 0 9 9 8 9 8 8 7 9 8 8 7 8 7 7 6 9 8 8 7 8 7 7 6 8 7 7 6 7 6 6 5 9 8 8 7 8 7 7 6 8 7 7 6 7 6 6 5 8 7 7 6 7 6 6 5 7 6 6 5 6 5 5 4 9 8 8 7 8 7 7 6 8 7 7 6 7 6 6 5 8 7 7 6 7 6 6 5 7 6 6 5 6 5 5 4 8 7 7 6 7 6 6 5 7 6 6 5 6 5 5 4 7 6 6 5 6 5 5 4 6 5 5 4 5 4 4 3 9 8 8 7 8 7 7 6 8 7 7 6 7 6 6 5 8 7 7 6 7 6 6 5 7 6 6 5 6 5 5 4 8 7 7 6 7 6 6 5 7 6 6 5 6 5 5 4 7 6 6 5 6 5 5 4 6 5 5 4 5 4 4 3 8 7 7 6 7 6 6 5 7 6 6 5 6 5 5 4 7 6 6 5 6 5 5 4 6 5 5 4 5 4 4 3 7 6 6 5 6 5 5 4 6 5 5 4 5 4 4 3 6 5 5 4 5 4 4 3 5 4 4 3 4 3 3 2 9 8 8 7 8 7 7 6 8 7 7 6 7 6 6 5 8 7 7 6 7 6 6 5 7 6 6 5 6 5 5 4 8 7 7 6 7 6 6 5 7 6 6 5 6 5 5 4 7 6 6 5 6 5 5 4 6 5 5 4 5 4 4 3 8 7 7 6 7 6 6 5 7 6 6 5 6 5 5 4 7 6 6 5 6 5 5 4 6 5 5 4 5 4 4 3 7 6 6 5 6 5 5 4 6 5 5 4 5 4 4 3 6 5 5 4 5 4 4 3 5 4 4 3 4 3 3 2 8 7 7 6 7 6 6 5 7 6 6 5 6 5 5 4 7 6 6 5 6 5 5 4 6 5 5 4 5 4 4 3 7 6 6 5 6 5 5 4 6 5 5 4 5 4 4 3 6 5 5 4 5 4 4 3 5 4 4 3 4 3 3 2 7 6 6 5 6 5 5 4 6 5 5 4 5 4 4 3 6 5 5 4 5 4 4 3 5 4 4 3 4 3 3 2 6 5 5 4 5 4 4 3 5 4 4 3 4 3 3 2 5 4 4 3 4 3 3 2 4 3 3 2 3 2 2 1 
522            2 1 1 0 1 0 9 1 0 9 9 8 1 0 9 9 8 9 8 8 7 1 0 9 9 8 9 8 8 7 9 8 8 7 8 7 7 6 1 0 9 9 8 9 8 8 7 9 8 8 7 8 7 7 6 9 8 8 7 8 7 7 6 8 7 7 6 7 6 6 5 1 0 9 9 8 9 8 8 7 9 8 8 7 8 7 7 6 9 8 8 7 8 7 7 6 8 7 7 6 7 6 6 5 9 8 8 7 8 7 7 6 8 7 7 6 7 6 6 5 8 7 7 6 7 6 6 5 7 6 6 5 6 5 5 4 1 0 9 9 8 9 8 8 7 9 8 8 7 8 7 7 6 9 8 8 7 8 7 7 6 8 7 7 6 7 6 6 5 9 8 8 7 8 7 7 6 8 7 7 6 7 6 6 5 8 7 7 6 7 6 6 5 7 6 6 5 6 5 5 4 9 8 8 7 8 7 7 6 8 7 7 6 7 6 6 5 8 7 7 6 7 6 6 5 7 6 6 5 6 5 5 4 8 7 7 6 7 6 6 5 7 6 6 5 6 5 5 4 7 6 6 5 6 5 5 4 6 5 5 4 5 4 4 3 1 0 9 9 8 9 8 8 7 9 8 8 7 8 7 7 6 9 8 8 7 8 7 7 6 8 7 7 6 7 6 6 5 9 8 8 7 8 7 7 6 8 7 7 6 7 6 6 5 8 7 7 6 7 6 6 5 7 6 6 5 6 5 5 4 9 8 8 7 8 7 7 6 8 7 7 6 7 6 6 5 8 7 7 6 7 6 6 5 7 6 6 5 6 5 5 4 8 7 7 6 7 6 6 5 7 6 6 5 6 5 5 4 7 6 6 5 6 5 5 4 6 5 5 4 5 4 4 3 9 8 8 7 8 7 7 6 8 7 7 6 7 6 6 5 8 7 7 6 7 6 6 5 7 6 6 5 6 5 5 4 8 7 7 6 7 6 6 5 7 6 6 5 6 5 5 4 7 6 6 5 6 5 5 4 6 5 5 4 5 4 4 3 8 7 7 6 7 6 6 5 7 6 6 5 6 5 5 4 7 6 6 5 6 5 5 4 6 5 5 4 5 4 4 3 7 6 6 5 6 5 5 4 6 5 5 4 5 4 4 3 6 5 5 4 5 4 4 3 5 4 4 3 4 3 3 2 
558            3 2 2 1 2 1 1 0 2 1 1 0 1 0 9 2 1 1 0 1 0 9 1 0 9 9 8 2 1 1 0 1 0 9 1 0 9 9 8 1 0 9 9 8 9 8 8 7 2 1 1 0 1 0 9 1 0 9 9 8 1 0 9 9 8 9 8 8 7 1 0 9 9 8 9 8 8 7 9 8 8 7 8 7 7 6 2 1 1 0 1 0 9 1 0 9 9 8 1 0 9 9 8 9 8 8 7 1 0 9 9 8 9 8 8 7 9 8 8 7 8 7 7 6 1 0 9 9 8 9 8 8 7 9 8 8 7 8 7 7 6 9 8 8 7 8 7 7 6 8 7 7 6 7 6 6 5 2 1 1 0 1 0 9 1 0 9 9 8 1 0 9 9 8 9 8 8 7 1 0 9 9 8 9 8 8 7 9 8 8 7 8 7 7 6 1 0 9 9 8 9 8 8 7 9 8 8 7 8 7 7 6 9 8 8 7 8 7 7 6 8 7 7 6 7 6 6 5 1 0 9 9 8 9 8 8 7 9 8 8 7 8 7 7 6 9 8 8 7 8 7 7 6 8 7 7 6 7 6 6 5 9 8 8 7 8 7 7 6 8 7 7 6 7 6 6 5 8 7 7 6 7 6 6 5 7 6 6 5 6 5 5 4 2 1 1 0 1 0 9 1 0 9 9 8 1 0 9 9 8 9 8 8 7 1 0 9 9 8 9 8 8 7 9 8 8 7 8 7 7 6 1 0 9 9 8 9 8 8 7 9 8 8 7 8 7 7 6 9 8 8 7 8 7 7 6 8 7 7 6 7 6 6 5 1 0 9 9 8 9 8 8 7 9 8 8 7 8 7 7 6 9 8 8 7 8 7 7 6 8 7 7 6 7 6 6 5 9 8 8 7 8 7 7 6 8 7 7 6 7 6 6 5 8 7 7 6 7 6 6 5 7 6 6 5 6 5 5 4 1 0 9 9 8 9 8 8 7 9 8 8 7 8 7 7 6 9 8 8 7 8 7 7 6 8 7 7 6 7 6 6 5 9 8 8 7 8 7 7 6 8 7 7 6 7 6 6 5 8 7 7 6 7 6 6 5 7 6 6 5 6 5 5 4 9 8 8 7 8 7 7 6 8 7 7 6 7 6 6 5 8 7 7 6 7 6 6 5 7 6 6 5 6 5 5 4 8 7 7 6 7 6 6 5 7 6 6 5 6 5 5 4 7 6 6 5 6 5 5 4 6 5 5 4 5 4 4 3 
642            4 3 3 2 3 2 2 1 3 2 2 1 2 1 1 0 3 2 2 1 2 1 1 0 2 1 1 0 1 0 9 3 2 2 1 2 1 1 0 2 1 1 0 1 0 9 2 1 1 0 1 0 9 1 0 9 9 8 3 2 2 1 2 1 1 0 2 1 1 0 1 0 9 2 1 1 0 1 0 9 1 0 9 9 8 2 1 1 0 1 0 9 1 0 9 9 8 1 0 9 9 8 9 8 8 7 3 2 2 1 2 1 1 0 2 1 1 0 1 0 9 2 1 1 0 1 0 9 1 0 9 9 8 2 1 1 0 1 0 9 1 0 9 9 8 1 0 9 9 8 9 8 8 7 2 1 1 0 1 0 9 1 0 9 9 8 1 0 9 9 8 9 8 8 7 1 0 9 9 8 9 8 8 7 9 8 8 7 8 7 7 6 3 2 2 1 2 1 1 0 2 1 1 0 1 0 9 2 1 1 0 1 0 9 1 0 9 9 8 2 1 1 0 1 0 9 1 0 9 9 8 1 0 9 9 8 9 8 8 7 2 1 1 0 1 0 9 1 0 9 9 8 1 0 9 9 8 9 8 8 7 1 0 9 9 8 9 8 8 7 9 8 8 7 8 7 7 6 2 1 1 0 1 0 9 1 0 9 9 8 1 0 9 9 8 9 8 8 7 1 0 9 9 8 9 8 8 7 9 8 8 7 8 7 7 6 1 0 9 9 8 9 8 8 7 9 8 8 7 8 7 7 6 9 8 8 7 8 7 7 6 8 7 7 6 7 6 6 5 3 2 2 1 2 1 1 0 2 1 1 0 1 0 9 2 1 1 0 1 0 9 1 0 9 9 8 2 1 1 0 1 0 9 1 0 9 9 8 1 0 9 9 8 9 8 8 7 2 1 1 0 1 0 9 1 0 9 9 8 1 0 9 9 8 9 8 8 7 1 0 9 9 8 9 8 8 7 9 8 8 7 8 7 7 6 2 1 1 0 1 0 9 1 0 9 9 8 1 0 9 9 8 9 8 8 7 1 0 9 9 8 9 8 8 7 9 8 8 7 8 7 7 6 1 0 9 9 8 9 8 8 7 9 8 8 7 8 7 7 6 9 8 8 7 8 7 7 6 8 7 7 6 7 6 6 5 2 1 1 0 1 0 9 1 0 9 9 8 1 0 9 9 8 9 8 8 7 1 0 9 9 8 9 8 8 7 9 8 8 7 8 7 7 6 1 0 9 9 8 9 8 8 7 9 8 8 7 8 7 7 6 9 8 8 7 8 7 7 6 8 7 7 6 7 6 6 5 1 0 9 9 8 9 8 8 7 9 8 8 7 8 7 7 6 9 8 8 7 8 7 7 6 8 7 7 6 7 6 6 5 9 8 8 7 8 7 7 6 8 7 7 6 7 6 6 5 8 7 7 6 7 6 6 5 7 6 6 5 6 5 5 4 
768            5 4 4 3 4 3 3 2 4 3 3 2 3 2 2 1 4 3 3 2 3 2 2 1 3 2 2 1 2 1 1 0 4 3 3 2 3 2 2 1 3 2 2 1 2 1 1 0 3 2 2 1 2 1 1 0 2 1 1 0 1 0 9 4 3 3 2 3 2 2 1 3 2 2 1 2 1 1 0 3 2 2 1 2 1 1 0 2 1 1 0 1 0 9 3 2 2 1 2 1 1 0 2 1 1 0 1 0 9 2 1 1 0 1 0 9 1 0 9 9 8 4 3 3 2 3 2 2 1 3 2 2 1 2 1 1 0 3 2 2 1 2 1 1 0 2 1 1 0 1 0 9 3 2 2 1 2 1 1 0 2 1 1 0 1 0 9 2 1 1 0 1 0 9 1 0 9 9 8 3 2 2 1 2 1 1 0 2 1 1 0 1 0 9 2 1 1 0 1 0 9 1 0 9 9 8 2 1 1 0 1 0 9 1 0 9 9 8 1 0 9 9 8 9 8 8 7 4 3 3 2 3 2 2 1 3 2 2 1 2 1 1 0 3 2 2 1 2 1 1 0 2 1 1 0 1 0 9 3 2 2 1 2 1 1 0 2 1 1 0 1 0 9 2 1 1 0 1 0 9 1 0 9 9 8 3 2 2 1 2 1 1 0 2 1 1 0 1 0 9 2 1 1 0 1 0 9 1 0 9 9 8 2 1 1 0 1 0 9 1 0 9 9 8 1 0 9 9 8 9 8 8 7 3 2 2 1 2 1 1 0 2 1 1 0 1 0 9 2 1 1 0 1 0 9 1 0 9 9 8 2 1 1 0 1 0 9 1 0 9 9 8 1 0 9 9 8 9 8 8 7 2 1 1 0 1 0 9 1 0 9 9 8 1 0 9 9 8 9 8 8 7 1 0 9 9 8 9 8 8 7 9 8 8 7 8 7 7 6 4 3 3 2 3 2 2 1 3 2 2 1 2 1 1 0 3 2 2 1 2 1 1 0 2 1 1 0 1 0 9 3 2 2 1 2 1 1 0 2 1 1 0 1 0 9 2 1 1 0 1 0 9 1 0 9 9 8 3 2 2 1 2 1 1 0 2 1 1 0 1 0 9 2 1 1 0 1 0 9 1 0 9 9 8 2 1 1 0 1 0 9 1 0 9 9 8 1 0 9 9 8 9 8 8 7 3 2 2 1 2 1 1 0 2 1 1 0 1 0 9 2 1 1 0 1 0 9 1 0 9 9 8 2 1 1 0 1 0 9 1 0 9 9 8 1 0 9 9 8 9 8 8 7 2 1 1 0 1 0 9 1 0 9 9 8 1 0 9 9 8 9 8 8 7 1 0 9 9 8 9 8 8 7 9 8 8 7 8 7 7 6 3 2 2 1 2 1 1 0 2 1 1 0 1 0 9 2 1 1 0 1 0 9 1 0 9 9 8 2 1 1 0 1 0 9 1 0 9 9 8 1 0 9 9 8 9 8 8 7 2 1 1 0 1 0 9 1 0 9 9 8 1 0 9 9 8 9 8 8 7 1 0 9 9 8 9 8 8 7 9 8 8 7 8 7 7 6 2 1 1 0 1 0 9 1 0 9 9 8 1 0 9 9 8 9 8 8 7 1 0 9 9 8 9 8 8 7 9 8 8 7 8 7 7 6 1 0 9 9 8 9 8 8 7 9 8 8 7 8 7 7 6 9 8 8 7 8 7 7 6 8 7 7 6 7 6 6 5 
894            6 5 5 4 5 4 4 3 5 4 4 3 4 3 3 2 5 4 4 3 4 3 3 2 4 3 3 2 3 2 2 1 5 4 4 3 4 3 3 2 4 3 3 2 3 2 2 1 4 3 3 2 3 2 2 1 3 2 2 1 2 1 1 0 5 4 4 3 4 3 3 2 4 3 3 2 3 2 2 1 4 3 3 2 3 2 2 1 3 2 2 1 2 1 1 0 4 3 3 2 3 2 2 1 3 2 2 1 2 1 1 0 3 2 2 1 2 1 1 0 2 1 1 0 1 0 9 5 4 4 3 4 3 3 2 4 3 3 2 3 2 2 1 4 3 3 2 3 2 2 1 3 2 2 1 2 1 1 0 4 3 3 2 3 2 2 1 3 2 2 1 2 1 1 0 3 2 2 1 2 1 1 0 2 1 1 0 1 0 9 4 3 3 2 3 2 2 1 3 2 2 1 2 1 1 0 3 2 2 1 2 1 1 0 2 1 1 0 1 0 9 3 2 2 1 2 1 1 0 2 1 1 0 1 0 9 2 1 1 0 1 0 9 1 0 9 9 8 5 4 4 3 4 3 3 2 4 3 3 2 3 2 2 1 4 3 3 2 3 2 2 1 3 2 2 1 2 1 1 0 4 3 3 2 3 2 2 1 3 2 2 1 2 1 1 0 3 2 2 1 2 1 1 0 2 1 1 0 1 0 9 4 3 3 2 3 2 2 1 3 2 2 1 2 1 1 0 3 2 2 1 2 1 1 0 2 1 1 0 1 0 9 3 2 2 1 2 1 1 0 2 1 1 0 1 0 9 2 1 1 0 1 0 9 1 0 9 9 8 4 3 3 2 3 2 2 1 3 2 2 1 2 1 1 0 3 2 2 1 2 1 1 0 2 1 1 0 1 0 9 3 2 2 1 2 1 1 0 2 1 1 0 1 0 9 2 1 1 0 1 0 9 1 0 9 9 8 3 2 2 1 2 1 1 0 2 1 1 0 1 0 9 2 1 1 0 1 0 9 1 0 9 9 8 2 1 1 0 1 0 9 1 0 9 9 8 1 0 9 9 8 9 8 8 7 5 4 4 3 4 3 3 2 4 3 3 2 3 2 2 1 4 3 3 2 3 2 2 1 3 2 2 1 2 1 1 0 4 3 3 2 3 2 2 1 3 2 2 1 2 1 1 0 3 2 2 1 2 1 1 0 2 1 1 0 1 0 9 4 3 3 2 3 2 2 1 3 2 2 1 2 1 1 0 3 2 2 1 2 1 1 0 2 1 1 0 1 0 9 3 2 2 1 2 1 1 0 2 1 1 0 1 0 9 2 1 1 0 1 0 9 1 0 9 9 8 4 3 3 2 3 2 2 1 3 2 2 1 2 1 1 0 3 2 2 1 2 1 1 0 2 1 1 0 1 0 9 3 2 2 1 2 1 1 0 2 1 1 0 1 0 9 2 1 1 0 1 0 9 1 0 9 9 8 3 2 2 1 2 1 1 0 2 1 1 0 1 0 9 2 1 1 0 1 0 9 1 0 9 9 8 2 1 1 0 1 0 9 1 0 9 9 8 1 0 9 9 8 9 8 8 7 4 3 3 2 3 2 2 1 3 2 2 1 2 1 1 0 3 2 2 1 2 1 1 0 2 1 1 0 1 0 9 3 2 2 1 2 1 1 0 2 1 1 0 1 0 9 2 1 1 0 1 0 9 1 0 9 9 8 3 2 2 1 2 1 1 0 2 1 1 0 1 0 9 2 1 1 0 1 0 9 1 0 9 9 8 2 1 1 0 1 0 9 1 0 9 9 8 1 0 9 9 8 9 8 8 7 3 2 2 1 2 1 1 0 2 1 1 0 1 0 9 2 1 1 0 1 0 9 1 0 9 9 8 2 1 1 0 1 0 9 1 0 9 9 8 1 0 9 9 8 9 8 8 7 2 1 1 0 1 0 9 1 0 9 9 8 1 0 9 9 8 9 8 8 7 1 0 9 9 8 9 8 8 7 9 8 8 7 8 7 7 6 
978            7 6 6 5 6 5 5 4 6 5 5 4 5 4 4 3 6 5 5 4 5 4 4 3 5 4 4 3 4 3 3 2 6 5 5 4 5 4 4 3 5 4 4 3 4 3 3 2 5 4 4 3 4 3 3 2 4 3 3 2 3 2 2 1 6 5 5 4 5 4 4 3 5 4 4 3 4 3 3 2 5 4 4 3 4 3 3 2 4 3 3 2 3 2 2 1 5 4 4 3 4 3 3 2 4 3 3 2 3 2 2 1 4 3 3 2 3 2 2 1 3 2 2 1 2 1 1 0 6 5 5 4 5 4 4 3 5 4 4 3 4 3 3 2 5 4 4 3 4 3 3 2 4 3 3 2 3 2 2 1 5 4 4 3 4 3 3 2 4 3 3 2 3 2 2 1 4 3 3 2 3 2 2 1 3 2 2 1 2 1 1 0 5 4 4 3 4 3 3 2 4 3 3 2 3 2 2 1 4 3 3 2 3 2 2 1 3 2 2 1 2 1 1 0 4 3 3 2 3 2 2 1 3 2 2 1 2 1 1 0 3 2 2 1 2 1 1 0 2 1 1 0 1 0 9 6 5 5 4 5 4 4 3 5 4 4 3 4 3 3 2 5 4 4 3 4 3 3 2 4 3 3 2 3 2 2 1 5 4 4 3 4 3 3 2 4 3 3 2 3 2 2 1 4 3 3 2 3 2 2 1 3 2 2 1 2 1 1 0 5 4 4 3 4 3 3 2 4 3 3 2 3 2 2 1 4 3 3 2 3 2 2 1 3 2 2 1 2 1 1 0 4 3 3 2 3 2 2 1 3 2 2 1 2 1 1 0 3 2 2 1 2 1 1 0 2 1 1 0 1 0 9 5 4 4 3 4 3 3 2 4 3 3 2 3 2 2 1 4 3 3 2 3 2 2 1 3 2 2 1 2 1 1 0 4 3 3 2 3 2 2 1 3 2 2 1 2 1 1 0 3 2 2 1 2 1 1 0 2 1 1 0 1 0 9 4 3 3 2 3 2 2 1 3 2 2 1 2 1 1 0 3 2 2 1 2 1 1 0 2 1 1 0 1 0 9 3 2 2 1 2 1 1 0 2 1 1 0 1 0 9 2 1 1 0 1 0 9 1 0 9 9 8 6 5 5 4 5 4 4 3 5 4 4 3 4 3 3 2 5 4 4 3 4 3 3 2 4 3 3 2 3 2 2 1 5 4 4 3 4 3 3 2 4 3 3 2 3 2 2 1 4 3 3 2 3 2 2 1 3 2 2 1 2 1 1 0 5 4 4 3 4 3 3 2 4 3 3 2 3 2 2 1 4 3 3 2 3 2 2 1 3 2 2 1 2 1 1 0 4 3 3 2 3 2 2 1 3 2 2 1 2 1 1 0 3 2 2 1 2 1 1 0 2 1 1 0 1 0 9 5 4 4 3 4 3 3 2 4 3 3 2 3 2 2 1 4 3 3 2 3 2 2 1 3 2 2 1 2 1 1 0 4 3 3 2 3 2 2 1 3 2 2 1 2 1 1 0 3 2 2 1 2 1 1 0 2 1 1 0 1 0 9 4 3 3 2 3 2 2 1 3 2 2 1 2 1 1 0 3 2 2 1 2 1 1 0 2 1 1 0 1 0 9 3 2 2 1 2 1 1 0 2 1 1 0 1 0 9 2 1 1 0 1 0 9 1 0 9 9 8 5 4 4 3 4 3 3 2 4 3 3 2 3 2 2 1 4 3 3 2 3 2 2 1 3 2 2 1 2 1 1 0 4 3 3 2 3 2 2 1 3 2 2 1 2 1 1 0 3 2 2 1 2 1 1 0 2 1 1 0 1 0 9 4 3 3 2 3 2 2 1 3 2 2 1 2 1 1 0 3 2 2 1 2 1 1 0 2 1 1 0 1 0 9 3 2 2 1 2 1 1 0 2 1 1 0 1 0 9 2 1 1 0 1 0 9 1 0 9 9 8 4 3 3 2 3 2 2 1 3 2 2 1 2 1 1 0 3 2 2 1 2 1 1 0 2 1 1 0 1 0 9 3 2 2 1 2 1 1 0 2 1 1 0 1 0 9 2 1 1 0 1 0 9 1 0 9 9 8 3 2 2 1 2 1 1 0 2 1 1 0 1 0 9 2 1 1 0 1 0 9 1 0 9 9 8 2 1 1 0 1 0 9 1 0 9 9 8 1 0 9 9 8 9 8 8 7 
1014            8 7 7 6 7 6 6 5 7 6 6 5 6 5 5 4 7 6 6 5 6 5 5 4 6 5 5 4 5 4 4 3 7 6 6 5 6 5 5 4 6 5 5 4 5 4 4 3 6 5 5 4 5 4 4 3 5 4 4 3 4 3 3 2 7 6 6 5 6 5 5 4 6 5 5 4 5 4 4 3 6 5 5 4 5 4 4 3 5 4 4 3 4 3 3 2 6 5 5 4 5 4 4 3 5 4 4 3 4 3 3 2 5 4 4 3 4 3 3 2 4 3 3 2 3 2 2 1 7 6 6 5 6 5 5 4 6 5 5 4 5 4 4 3 6 5 5 4 5 4 4 3 5 4 4 3 4 3 3 2 6 5 5 4 5 4 4 3 5 4 4 3 4 3 3 2 5 4 4 3 4 3 3 2 4 3 3 2 3 2 2 1 6 5 5 4 5 4 4 3 5 4 4 3 4 3 3 2 5 4 4 3 4 3 3 2 4 3 3 2 3 2 2 1 5 4 4 3 4 3 3 2 4 3 3 2 3 2 2 1 4 3 3 2 3 2 2 1 3 2 2 1 2 1 1 0 7 6 6 5 6 5 5 4 6 5 5 4 5 4 4 3 6 5 5 4 5 4 4 3 5 4 4 3 4 3 3 2 6 5 5 4 5 4 4 3 5 4 4 3 4 3 3 2 5 4 4 3 4 3 3 2 4 3 3 2 3 2 2 1 6 5 5 4 5 4 4 3 5 4 4 3 4 3 3 2 5 4 4 3 4 3 3 2 4 3 3 2 3 2 2 1 5 4 4 3 4 3 3 2 4 3 3 2 3 2 2 1 4 3 3 2 3 2 2 1 3 2 2 1 2 1 1 0 6 5 5 4 5 4 4 3 5 4 4 3 4 3 3 2 5 4 4 3 4 3 3 2 4 3 3 2 3 2 2 1 5 4 4 3 4 3 3 2 4 3 3 2 3 2 2 1 4 3 3 2 3 2 2 1 3 2 2 1 2 1 1 0 5 4 4 3 4 3 3 2 4 3 3 2 3 2 2 1 4 3 3 2 3 2 2 1 3 2 2 1 2 1 1 0 4 3 3 2 3 2 2 1 3 2 2 1 2 1 1 0 3 2 2 1 2 1 1 0 2 1 1 0 1 0 9 7 6 6 5 6 5 5 4 6 5 5 4 5 4 4 3 6 5 5 4 5 4 4 3 5 4 4 3 4 3 3 2 6 5 5 4 5 4 4 3 5 4 4 3 4 3 3 2 5 4 4 3 4 3 3 2 4 3 3 2 3 2 2 1 6 5 5 4 5 4 4 3 5 4 4 3 4 3 3 2 5 4 4 3 4 3 3 2 4 3 3 2 3 2 2 1 5 4 4 3 4 3 3 2 4 3 3 2 3 2 2 1 4 3 3 2 3 2 2 1 3 2 2 1 2 1 1 0 6 5 5 4 5 4 4 3 5 4 4 3 4 3 3 2 5 4 4 3 4 3 3 2 4 3 3 2 3 2 2 1 5 4 4 3 4 3 3 2 4 3 3 2 3 2 2 1 4 3 3 2 3 2 2 1 3 2 2 1 2 1 1 0 5 4 4 3 4 3 3 2 4 3 3 2 3 2 2 1 4 3 3 2 3 2 2 1 3 2 2 1 2 1 1 0 4 3 3 2 3 2 2 1 3 2 2 1 2 1 1 0 3 2 2 1 2 1 1 0 2 1 1 0 1 0 9 6 5 5 4 5 4 4 3 5 4 4 3 4 3 3 2 5 4 4 3 4 3 3 2 4 3 3 2 3 2 2 1 5 4 4 3 4 3 3 2 4 3 3 2 3 2 2 1 4 3 3 2 3 2 2 1 3 2 2 1 2 1 1 0 5 4 4 3 4 3 3 2 4 3 3 2 3 2 2 1 4 3 3 2 3 2 2 1 3 2 2 1 2 1 1 0 4 3 3 2 3 2 2 1 3 2 2 1 2 1 1 0 3 2 2 1 2 1 1 0 2 1 1 0 1 0 9 5 4 4 3 4 3 3 2 4 3 3 2 3 2 2 1 4 3 3 2 3 2 2 1 3 2 2 1 2 1 1 0 4 3 3 2 3 2 2 1 3 2 2 1 2 1 1 0 3 2 2 1 2 1 1 0 2 1 1 0 1 0 9 4 3 3 2 3 2 2 1 3 2 2 1 2 1 1 0 3 2 2 1 2 1 1 0 2 1 1 0 1 0 9 3 2 2 1 2 1 1 0 2 1 1 0 1 0 9 2 1 1 0 1 0 9 1 0 9 9 8 
1023            9 8 8 7 8 7 7 6 8 7 7 6 7 6 6 5 8 7 7 6 7 6 6 5 7 6 6 5 6 5 5 4 8 7 7 6 7 6 6 5 7 6 6 5 6 5 5 4 7 6 6 5 6 5 5 4 6 5 5 4 5 4 4 3 8 7 7 6 7 6 6 5 7 6 6 5 6 5 5 4 7 6 6 5 6 5 5 4 6 5 5 4 5 4 4 3 7 6 6 5 6 5 5 4 6 5 5 4 5 4 4 3 6 5 5 4 5 4 4 3 5 4 4 3 4 3 3 2 8 7 7 6 7 6 6 5 7 6 6 5 6 5 5 4 7 6 6 5 6 5 5 4 6 5 5 4 5 4 4 3 7 6 6 5 6 5 5 4 6 5 5 4 5 4 4 3 6 5 5 4 5 4 4 3 5 4 4 3 4 3 3 2 7 6 6 5 6 5 5 4 6 5 5 4 5 4 4 3 6 5 5 4 5 4 4 3 5 4 4 3 4 3 3 2 6 5 5 4 5 4 4 3 5 4 4 3 4 3 3 2 5 4 4 3 4 3 3 2 4 3 3 2 3 2 2 1 8 7 7 6 7 6 6 5 7 6 6 5 6 5 5 4 7 6 6 5 6 5 5 4 6 5 5 4 5 4 4 3 7 6 6 5 6 5 5 4 6 5 5 4 5 4 4 3 6 5 5 4 5 4 4 3 5 4 4 3 4 3 3 2 7 6 6 5 6 5 5 4 6 5 5 4 5 4 4 3 6 5 5 4 5 4 4 3 5 4 4 3 4 3 3 2 6 5 5 4 5 4 4 3 5 4 4 3 4 3 3 2 5 4 4 3 4 3 3 2 4 3 3 2 3 2 2 1 7 6 6 5 6 5 5 4 6 5 5 4 5 4 4 3 6 5 5 4 5 4 4 3 5 4 4 3 4 3 3 2 6 5 5 4 5 4 4 3 5 4 4 3 4 3 3 2 5 4 4 3 4 3 3 2 4 3 3 2 3 2 2 1 6 5 5 4 5 4 4 3 5 4 4 3 4 3 3 2 5 4 4 3 4 3 3 2 4 3 3 2 3 2 2 1 5 4 4 3 4 3 3 2 4 3 3 2 3 2 2 1 4 3 3 2 3 2 2 1 3 2 2 1 2 1 1 0 8 7 7 6 7 6 6 5 7 6 6 5 6 5 5 4 7 6 6 5 6 5 5 4 6 5 5 4 5 4 4 3 7 6 6 5 6 5 5 4 6 5 5 4 5 4 4 3 6 5 5 4 5 4 4 3 5 4 4 3 4 3 3 2 7 6 6 5 6 5 5 4 6 5 5 4 5 4 4 3 6 5 5 4 5 4 4 3 5 4 4 3 4 3 3 2 6 5 5 4 5 4 4 3 5 4 4 3 4 3 3 2 5 4 4 3 4 3 3 2 4 3 3 2 3 2 2 1 7 6 6 5 6 5 5 4 6 5 5 4 5 4 4 3 6 5 5 4 5 4 4 3 5 4 4 3 4 3 3 2 6 5 5 4 5 4 4 3 5 4 4 3 4 3 3 2 5 4 4 3 4 3 3 2 4 3 3 2 3 2 2 1 6 5 5 4 5 4 4 3 5 4 4 3 4 3 3 2 5 4 4 3 4 3 3 2 4 3 3 2 3 2 2 1 5 4 4 3 4 3 3 2 4 3 3 2 3 2 2 1 4 3 3 2 3 2 2 1 3 2 2 1 2 1 1 0 7 6 6 5 6 5 5 4 6 5 5 4 5 4 4 3 6 5 5 4 5 4 4 3 5 4 4 3 4 3 3 2 6 5 5 4 5 4 4 3 5 4 4 3 4 3 3 2 5 4 4 3 4 3 3 2 4 3 3 2 3 2 2 1 6 5 5 4 5 4 4 3 5 4 4 3 4 3 3 2 5 4 4 3 4 3 3 2 4 3 3 2 3 2 2 1 5 4 4 3 4 3 3 2 4 3 3 2 3 2 2 1 4 3 3 2 3 2 2 1 3 2 2 1 2 1 1 0 6 5 5 4 5 4 4 3 5 4 4 3 4 3 3 2 5 4 4 3 4 3 3 2 4 3 3 2 3 2 2 1 5 4 4 3 4 3 3 2 4 3 3 2 3 2 2 1 4 3 3 2 3 2 2 1 3 2 2 1 2 1 1 0 5 4 4 3 4 3 3 2 4 3 3 2 3 2 2 1 4 3 3 2 3 2 2 1 3 2 2 1 2 1 1 0 4 3 3 2 3 2 2 1 3 2 2 1 2 1 1 0 3 2 2 1 2 1 1 0 2 1 1 0 1 0 9 
1025            1 0 9 9 8 9 8 8 7 9 8 8 7 8 7 7 6 9 8 8 7 8 7 7 6 8 7 7 6 7 6 6 5 9 8 8 7 8 7 7 6 8 7 7 6 7 6 6 5 8 7 7 6 7 6 6 5 7 6 6 5 6 5 5 4 9 8 8 7 8 7 7 6 8 7 7 6 7 6 6 5 8 7 7 6 7 6 6 5 7 6 6 5 6 5 5 4 8 7 7 6 7 6 6 5 7 6 6 5 6 5 5 4 7 6 6 5 6 5 5 4 6 5 5 4 5 4 4 3 9 8 8 7 8 7 7 6 8 7 7 6 7 6 6 5 8 7 7 6 7 6 6 5 7 6 6 5 6 5 5 4 8 7 7 6 7 6 6 5 7 6 6 5 6 5 5 4 7 6 6 5 6 5 5 4 6 5 5 4 5 4 4 3 8 7 7 6 7 6 6 5 7 6 6 5 6 5 5 4 7 6 6 5 6 5 5 4 6 5 5 4 5 4 4 3 7 6 6 5 6 5 5 4 6 5 5 4 5 4 4 3 6 5 5 4 5 4 4 3 5 4 4 3 4 3 3 2 9 8 8 7 8 7 7 6 8 7 7 6 7 6 6 5 8 7 7 6 7 6 6 5 7 6 6 5 6 5 5 4 8 7 7 6 7 6 6 5 7 6 6 5 6 5 5 4 7 6 6 5 6 5 5 4 6 5 5 4 5 4 4 3 8 7 7 6 7 6 6 5 7 6 6 5 6 5 5 4 7 6 6 5 6 5 5 4 6 5 5 4 5 4 4 3 7 6 6 5 6 5 5 4 6 5 5 4 5 4 4 3 6 5 5 4 5 4 4 3 5 4 4 3 4 3 3 2 8 7 7 6 7 6 6 5 7 6 6 5 6 5 5 4 7 6 6 5 6 5 5 4 6 5 5 4 5 4 4 3 7 6 6 5 6 5 5 4 6 5 5 4 5 4 4 3 6 5 5 4 5 4 4 3 5 4 4 3 4 3 3 2 7 6 6 5 6 5 5 4 6 5 5 4 5 4 4 3 6 5 5 4 5 4 4 3 5 4 4 3 4 3 3 2 6 5 5 4 5 4 4 3 5 4 4 3 4 3 3 2 5 4 4 3 4 3 3 2 4 3 3 2 3 2 2 1 9 8 8 7 8 7 7 6 8 7 7 6 7 6 6 5 8 7 7 6 7 6 6 5 7 6 6 5 6 5 5 4 8 7 7 6 7 6 6 5 7 6 6 5 6 5 5 4 7 6 6 5 6 5 5 4 6 5 5 4 5 4 4 3 8 7 7 6 7 6 6 5 7 6 6 5 6 5 5 4 7 6 6 5 6 5 5 4 6 5 5 4 5 4 4 3 7 6 6 5 6 5 5 4 6 5 5 4 5 4 4 3 6 5 5 4 5 4 4 3 5 4 4 3 4 3 3 2 8 7 7 6 7 6 6 5 7 6 6 5 6 5 5 4 7 6 6 5 6 5 5 4 6 5 5 4 5 4 4 3 7 6 6 5 6 5 5 4 6 5 5 4 5 4 4 3 6 5 5 4 5 4 4 3 5 4 4 3 4 3 3 2 7 6 6 5 6 5 5 4 6 5 5 4 5 4 4 3 6 5 5 4 5 4 4 3 5 4 4 3 4 3 3 2 6 5 5 4 5 4 4 3 5 4 4 3 4 3 3 2 5 4 4 3 4 3 3 2 4 3 3 2 3 2 2 1 8 7 7 6 7 6 6 5 7 6 6 5 6 5 5 4 7 6 6 5 6 5 5 4 6 5 5 4 5 4 4 3 7 6 6 5 6 5 5 4 6 5 5 4 5 4 4 3 6 5 5 4 5 4 4 3 5 4 4 3 4 3 3 2 7 6 6 5 6 5 5 4 6 5 5 4 5 4 4 3 6 5 5 4 5 4 4 3 5 4 4 3 4 3 3 2 6 5 5 4 5 4 4 3 5 4 4 3 4 3 3 2 5 4 4 3 4 3 3 2 4 3 3 2 3 2 2 1 7 6 6 5 6 5 5 4 6 5 5 4 5 4 4 3 6 5 5 4 5 4 4 3 5 4 4 3 4 3 3 2 6 5 5 4 5 4 4 3 5 4 4 3 4 3 3 2 5 4 4 3 4 3 3 2 4 3 3 2 3 2 2 1 6 5 5 4 5 4 4 3 5 4 4 3 4 3 3 2 5 4 4 3 4 3 3 2 4 3 3 2 3 2 2 1 5 4 4 3 4 3 3 2 4 3 3 2 3 2 2 1 4 3 3 2 3 2 2 1 3 2 2 1 2 1 1 0 
1035            2 1 1 0 1 0 9 1 0 9 9 8 1 0 9 9 8 9 8 8 7 1 0 9 9 8 9 8 8 7 9 8 8 7 8 7 7 6 1 0 9 9 8 9 8 8 7 9 8 8 7 8 7 7 6 9 8 8 7 8 7 7 6 8 7 7 6 7 6 6 5 1 0 9 9 8 9 8 8 7 9 8 8 7 8 7 7 6 9 8 8 7 8 7 7 6 8 7 7 6 7 6 6 5 9 8 8 7 8 7 7 6 8 7 7 6 7 6 6 5 8 7 7 6 7 6 6 5 7 6 6 5 6 5 5 4 1 0 9 9 8 9 8 8 7 9 8 8 7 8 7 7 6 9 8 8 7 8 7 7 6 8 7 7 6 7 6 6 5 9 8 8 7 8 7 7 6 8 7 7 6 7 6 6 5 8 7 7 6 7 6 6 5 7 6 6 5 6 5 5 4 9 8 8 7 8 7 7 6 8 7 7 6 7 6 6 5 8 7 7 6 7 6 6 5 7 6 6 5 6 5 5 4 8 7 7 6 7 6 6 5 7 6 6 5 6 5 5 4 7 6 6 5 6 5 5 4 6 5 5 4 5 4 4 3 1 0 9 9 8 9 8 8 7 9 8 8 7 8 7 7 6 9 8 8 7 8 7 7 6 8 7 7 6 7 6 6 5 9 8 8 7 8 7 7 6 8 7 7 6 7 6 6 5 8 7 7 6 7 6 6 5 7 6 6 5 6 5 5 4 9 8 8 7 8 7 7 6 8 7 7 6 7 6 6 5 8 7 7 6 7 6 6 5 7 6 6 5 6 5 5 4 8 7 7 6 7 6 6 5 7 6 6 5 6 5 5 4 7 6 6 5 6 5 5 4 6 5 5 4 5 4 4 3 9 8 8 7 8 7 7 6 8 7 7 6 7 6 6 5 8 7 7 6 7 6 6 5 7 6 6 5 6 5 5 4 8 7 7 6 7 6 6 5 7 6 6 5 6 5 5 4 7 6 6 5 6 5 5 4 6 5 5 4 5 4 4 3 8 7 7 6 7 6 6 5 7 6 6 5 6 5 5 4 7 6 6 5 6 5 5 4 6 5 5 4 5 4 4 3 7 6 6 5 6 5 5 4 6 5 5 4 5 4 4 3 6 5 5 4 5 4 4 3 5 4 4 3 4 3 3 2 1 0 9 9 8 9 8 8 7 9 8 8 7 8 7 7 6 9 8 8 7 8 7 7 6 8 7 7 6 7 6 6 5 9 8 8 7 8 7 7 6 8 7 7 6 7 6 6 5 8 7 7 6 7 6 6 5 7 6 6 5 6 5 5 4 9 8 8 7 8 7 7 6 8 7 7 6 7 6 6 5 8 7 7 6 7 6 6 5 7 6 6 5 6 5 5 4 8 7 7 6 7 6 6 5 7 6 6 5 6 5 5 4 7 6 6 5 6 5 5 4 6 5 5 4 5 4 4 3 9 8 8 7 8 7 7 6 8 7 7 6 7 6 6 5 8 7 7 6 7 6 6 5 7 6 6 5 6 5 5 4 8 7 7 6 7 6 6 5 7 6 6 5 6 5 5 4 7 6 6 5 6 5 5 4 6 5 5 4 5 4 4 3 8 7 7 6 7 6 6 5 7 6 6 5 6 5 5 4 7 6 6 5 6 5 5 4 6 5 5 4 5 4 4 3 7 6 6 5 6 5 5 4 6 5 5 4 5 4 4 3 6 5 5 4 5 4 4 3 5 4 4 3 4 3 3 2 9 8 8 7 8 7 7 6 8 7 7 6 7 6 6 5 8 7 7 6 7 6 6 5 7 6 6 5 6 5 5 4 8 7 7 6 7 6 6 5 7 6 6 5 6 5 5 4 7 6 6 5 6 5 5 4 6 5 5 4 5 4 4 3 8 7 7 6 7 6 6 5 7 6 6 5 6 5 5 4 7 6 6 5 6 5 5 4 6 5 5 4 5 4 4 3 7 6 6 5 6 5 5 4 6 5 5 4 5 4 4 3 6 5 5 4 5 4 4 3 5 4 4 3 4 3 3 2 8 7 7 6 7 6 6 5 7 6 6 5 6 5 5 4 7 6 6 5 6 5 5 4 6 5 5 4 5 4 4 3 7 6 6 5 6 5 5 4 6 5 5 4 5 4 4 3 6 5 5 4 5 4 4 3 5 4 4 3 4 3 3 2 7 6 6 5 6 5 5 4 6 5 5 4 5 4 4 3 6 5 5 4 5 4 4 3 5 4 4 3 4 3 3 2 6 5 5 4 5 4 4 3 5 4 4 3 4 3 3 2 5 4 4 3 4 3 3 2 4 3 3 2 3 2 2 1 
